nohup: ignoring input
[INFO] Tee logging enabled -> /Users/takumi0616/Develop/docker_miniconda/src/PressurePattern/search_results_v8.log
==== results 集計（単一ルート） ====
探索対象（root）: /app/src/PressurePattern/SOM/results_v8_iter1000_128 (evaluation=10 verification=100)

==== 手法別 Macro Recall 統計（学習: 基本ラベル, evaluation_v*.log）[results_v8_iter1000_128] ====
[基本] Method                  N       Mean        Std        Min     Median        Max  MinSeed  MaxSeed
-------------------------------------------------------------------------------------------------------
S1K                         10       0.37       0.02       0.34       0.38       0.39       10        9
S1                          10       0.37       0.02       0.33       0.37       0.41        4        1
MSSSIM_S1                   10       0.33       0.02       0.29       0.33       0.35        7        1
SSIM5_S1                    10       0.33       0.01       0.30       0.33       0.35        2        7
SSIM5_KAPPA                 10       0.32       0.02       0.29       0.32       0.35        3       10
MSSSIM                      10       0.32       0.02       0.29       0.32       0.34        1        5
MSSSIM_KAPPA                10       0.32       0.02       0.28       0.32       0.36        1        7
SSIM5                       10       0.31       0.02       0.28       0.31       0.34       10        8
EUCLIDEAN                   10       0.31       0.02       0.28       0.31       0.34       10        1
KAPPA                       10       0.30       0.01       0.28       0.30       0.31        2       10

==== 手法別 Macro Recall 統計（検証: 基本ラベル, *_verification.log）[results_v8_iter1000_128] ====
[Ver基本] Method               N       Mean        Std        Min     Median        Max  MinSeed  MaxSeed
-------------------------------------------------------------------------------------------------------
KAPPA                       10       0.21       0.01       0.19       0.22       0.23        9        1
S1K                         10       0.21       0.01       0.20       0.22       0.22       10        5
S1                          10       0.21       0.02       0.19       0.21       0.23        4        3
SSIM5_KAPPA                 10       0.19       0.01       0.17       0.19       0.20        3        5
MSSSIM_S1                   10       0.19       0.02       0.17       0.18       0.23       10        5
SSIM5_S1                    10       0.18       0.01       0.18       0.18       0.19        9        1
MSSSIM_KAPPA                10       0.18       0.01       0.17       0.18       0.20        9        5
EUCLIDEAN                   10       0.18       0.01       0.16       0.18       0.19        6        4
SSIM5                       10       0.17       0.01       0.16       0.17       0.19        9        4
MSSSIM                      10       0.17       0.01       0.16       0.17       0.18        7        8

==== 手法別 NodewiseMatchRate 統計（learning_result/*_results.log の[Final Metrics]より） ====
[Nodewise] Method            N       Mean        Std        Min     Median        Max     Σmatch     Σnodes    Overall  MinSeed  MaxSeed
----------------------------------------------------------------------------------------------------------------------------------------
EUCLIDEAN                   10       0.31       0.02       0.28       0.31       0.35        312       1000       0.31       10        8
SSIM5_S1                    10       0.31       0.03       0.26       0.31       0.36        305       1000       0.31        3        4
SSIM5_KAPPA                 10       0.30       0.03       0.28       0.30       0.34        303       1000       0.30        3        1
SSIM5                       10       0.29       0.02       0.25       0.30       0.33        292        997       0.29        7        2
MSSSIM_S1                   10       0.28       0.03       0.23       0.28       0.33        283       1000       0.28        3        7
KAPPA                       10       0.28       0.04       0.20       0.30       0.35        282       1000       0.28        1        2
S1                          10       0.28       0.07       0.17       0.26       0.42        279        998       0.28        2        9
S1K                         10       0.28       0.04       0.22       0.30       0.33        279       1000       0.28       10        5
MSSSIM                      10       0.28       0.04       0.23       0.26       0.34        275       1000       0.28        4        8
MSSSIM_KAPPA                10       0.28       0.04       0.21       0.29       0.31        275       1000       0.28       10        1

==== ラベル 6A の統計（代表ノード群ベース: Correctの平均/最小/最大/中央値/合計、Recallの平均） ====
Method                       N     Mean_C      Std_C      Min_C      Med_C      Max_C      Sum_C     Mean_R      Std_R
----------------------------------------------------------------------------------------------------------------------
S1K                         10       4.00       1.15       2.00       4.00       6.00         40       0.67       0.19
S1                          10       3.30       1.42       0.00       4.00       5.00         33       0.55       0.24
EUCLIDEAN                   10       2.40       1.43       0.00       3.00       4.00         24       0.40       0.24
SSIM5_S1                    10       2.30       0.95       1.00       2.00       4.00         23       0.38       0.16
MSSSIM_KAPPA                10       2.20       1.69       0.00       2.50       5.00         22       0.37       0.28
SSIM5_KAPPA                 10       2.20       1.14       0.00       2.00       4.00         22       0.37       0.19
MSSSIM                      10       1.90       0.74       1.00       2.00       3.00         19       0.32       0.12
MSSSIM_S1                   10       1.90       0.74       1.00       2.00       3.00         19       0.32       0.12
SSIM5                       10       1.90       1.10       0.00       2.00       3.00         19       0.32       0.18
KAPPA                       10       0.00       0.00       0.00       0.00       0.00          0       0.00       0.00

==== ラベル 6B の統計（代表ノード群ベース: Correctの平均/最小/最大/中央値/合計、Recallの平均） ====
Method                       N     Mean_C      Std_C      Min_C      Med_C      Max_C      Sum_C     Mean_R      Std_R
----------------------------------------------------------------------------------------------------------------------
MSSSIM_S1                   10       2.90       1.66       0.00       3.00       6.00         29       0.22       0.13
SSIM5_KAPPA                 10       2.80       1.48       0.00       3.00       5.00         28       0.22       0.11
MSSSIM                      10       2.80       2.20       0.00       3.00       6.00         28       0.22       0.17
S1                          10       2.70       1.83       0.00       2.50       6.00         27       0.21       0.14
SSIM5_S1                    10       2.40       1.17       0.00       2.00       4.00         24       0.18       0.09
MSSSIM_KAPPA                10       2.00       1.15       0.00       2.50       3.00         20       0.15       0.09
SSIM5                       10       2.00       1.25       0.00       2.00       4.00         20       0.15       0.10
S1K                         10       1.90       1.52       0.00       1.50       4.00         19       0.15       0.12
EUCLIDEAN                   10       0.50       1.08       0.00       0.00       3.00          5       0.04       0.08
KAPPA                       10       0.00       0.00       0.00       0.00       0.00          0       0.00       0.00

==== ラベル 6C の統計（代表ノード群ベース: Correctの平均/最小/最大/中央値/合計、Recallの平均） ====
Method                       N     Mean_C      Std_C      Min_C      Med_C      Max_C      Sum_C     Mean_R      Std_R
----------------------------------------------------------------------------------------------------------------------
EUCLIDEAN                   10       0.00       0.00       0.00       0.00       0.00          0       0.00       0.00
KAPPA                       10       0.00       0.00       0.00       0.00       0.00          0       0.00       0.00
MSSSIM                      10       0.00       0.00       0.00       0.00       0.00          0       0.00       0.00
MSSSIM_KAPPA                10       0.00       0.00       0.00       0.00       0.00          0       0.00       0.00
MSSSIM_S1                   10       0.00       0.00       0.00       0.00       0.00          0       0.00       0.00
S1                          10       0.00       0.00       0.00       0.00       0.00          0       0.00       0.00
S1K                         10       0.00       0.00       0.00       0.00       0.00          0       0.00       0.00
SSIM5                       10       0.00       0.00       0.00       0.00       0.00          0       0.00       0.00
SSIM5_KAPPA                 10       0.00       0.00       0.00       0.00       0.00          0       0.00       0.00
SSIM5_S1                    10       0.00       0.00       0.00       0.00       0.00          0       0.00       0.00

==== 検証 ラベル 6A の統計（代表ノード群ベース: Correctの平均/最小/最大/中央値/合計、Recallの平均） ====
Method                       N     Mean_C      Std_C      Min_C      Med_C      Max_C      Sum_C     Mean_R      Std_R
----------------------------------------------------------------------------------------------------------------------
EUCLIDEAN                   10       0.00       0.00       0.00       0.00       0.00          0       0.00       0.00
KAPPA                       10       0.00       0.00       0.00       0.00       0.00          0       0.00       0.00
MSSSIM                      10       0.00       0.00       0.00       0.00       0.00          0       0.00       0.00
MSSSIM_KAPPA                10       0.00       0.00       0.00       0.00       0.00          0       0.00       0.00
MSSSIM_S1                   10       0.00       0.00       0.00       0.00       0.00          0       0.00       0.00
S1                          10       0.00       0.00       0.00       0.00       0.00          0       0.00       0.00
S1K                         10       0.00       0.00       0.00       0.00       0.00          0       0.00       0.00
SSIM5                       10       0.00       0.00       0.00       0.00       0.00          0       0.00       0.00
SSIM5_KAPPA                 10       0.00       0.00       0.00       0.00       0.00          0       0.00       0.00
SSIM5_S1                    10       0.00       0.00       0.00       0.00       0.00          0       0.00       0.00

==== 検証 ラベル 6B の統計（代表ノード群ベース: Correctの平均/最小/最大/中央値/合計、Recallの平均） ====
Method                       N     Mean_C      Std_C      Min_C      Med_C      Max_C      Sum_C     Mean_R      Std_R
----------------------------------------------------------------------------------------------------------------------
MSSSIM_S1                   10       0.10       0.32       0.00       0.00       1.00          1       0.05       0.16
S1                          10       0.10       0.32       0.00       0.00       1.00          1       0.05       0.16
EUCLIDEAN                   10       0.00       0.00       0.00       0.00       0.00          0       0.00       0.00
KAPPA                       10       0.00       0.00       0.00       0.00       0.00          0       0.00       0.00
MSSSIM                      10       0.00       0.00       0.00       0.00       0.00          0       0.00       0.00
MSSSIM_KAPPA                10       0.00       0.00       0.00       0.00       0.00          0       0.00       0.00
S1K                         10       0.00       0.00       0.00       0.00       0.00          0       0.00       0.00
SSIM5                       10       0.00       0.00       0.00       0.00       0.00          0       0.00       0.00
SSIM5_KAPPA                 10       0.00       0.00       0.00       0.00       0.00          0       0.00       0.00
SSIM5_S1                    10       0.00       0.00       0.00       0.00       0.00          0       0.00       0.00

==== 検証 ラベル 6C の統計（代表ノード群ベース: Correctの平均/最小/最大/中央値/合計、Recallの平均） ====
Method                       N     Mean_C      Std_C      Min_C      Med_C      Max_C      Sum_C     Mean_R      Std_R
----------------------------------------------------------------------------------------------------------------------
EUCLIDEAN                   10       0.00       0.00       0.00       0.00       0.00          0       0.00       0.00
KAPPA                       10       0.00       0.00       0.00       0.00       0.00          0       0.00       0.00
MSSSIM                      10       0.00       0.00       0.00       0.00       0.00          0       0.00       0.00
MSSSIM_KAPPA                10       0.00       0.00       0.00       0.00       0.00          0       0.00       0.00
MSSSIM_S1                   10       0.00       0.00       0.00       0.00       0.00          0       0.00       0.00
S1                          10       0.00       0.00       0.00       0.00       0.00          0       0.00       0.00
S1K                         10       0.00       0.00       0.00       0.00       0.00          0       0.00       0.00
SSIM5                       10       0.00       0.00       0.00       0.00       0.00          0       0.00       0.00
SSIM5_KAPPA                 10       0.00       0.00       0.00       0.00       0.00          0       0.00       0.00
SSIM5_S1                    10       0.00       0.00       0.00       0.00       0.00          0       0.00       0.00

==== 横断ピボット表（学習: 基本ラベルごとの平均再現率） ====
[Pivot] Method                1     2A     2B     2C     2D     3A     3B     3C     3D     4A     4B      5     6A     6B     6C  Overall  N_lab
-------------------------------------------------------------------------------------------------------------------------------------------------
S1K                        0.92   0.28   0.25   0.12   0.62   0.20   0.77   0.04   0.00   0.67   0.32   0.56   0.67   0.15   0.00     0.37     15
S1                         0.90   0.26   0.21   0.11   0.62   0.23   0.76   0.03   0.02   0.66   0.39   0.57   0.55   0.21   0.00     0.37     15
MSSSIM_S1                  0.92   0.21   0.14   0.15   0.47   0.23   0.72   0.04   0.08   0.61   0.36   0.47   0.32   0.22   0.00     0.33     15
SSIM5_S1                   0.90   0.21   0.12   0.17   0.50   0.24   0.74   0.05   0.05   0.60   0.37   0.41   0.38   0.18   0.00     0.33     15
SSIM5_KAPPA                0.95   0.08   0.10   0.18   0.47   0.28   0.71   0.03   0.01   0.59   0.38   0.43   0.37   0.22   0.00     0.32     15
MSSSIM                     0.91   0.16   0.07   0.20   0.43   0.22   0.70   0.06   0.16   0.58   0.36   0.42   0.32   0.22   0.00     0.32     15
MSSSIM_KAPPA               0.93   0.13   0.08   0.16   0.48   0.22   0.71   0.05   0.06   0.58   0.38   0.49   0.37   0.15   0.00     0.32     15
SSIM5                      0.90   0.15   0.05   0.24   0.44   0.15   0.70   0.03   0.18   0.60   0.35   0.40   0.32   0.15   0.00     0.31     15
EUCLIDEAN                  0.91   0.22   0.12   0.05   0.48   0.37   0.73   0.07   0.14   0.58   0.22   0.30   0.40   0.04   0.00     0.31     15
KAPPA                      0.88   0.28   0.21   0.10   0.46   0.06   0.78   0.08   0.00   0.68   0.26   0.63   0.00   0.00   0.00     0.30     15

==== 横断ピボット表（検証: 基本ラベルごとの平均再現率） ====
[Pivot] Method                1     2A     2B     2C     2D     3A     3B     3C     3D     4A     4B      5     6A     6B     6C  Overall  N_lab
-------------------------------------------------------------------------------------------------------------------------------------------------
KAPPA                      0.90   0.21   0.00   0.00   0.35   0.00   0.74   0.00   0.00   0.73   0.04   0.24   0.00   0.00   0.00     0.21     15
S1K                        0.89   0.10   0.03   0.00   0.56   0.01   0.79   0.00   0.00   0.71   0.04   0.03   0.00   0.00   0.00     0.21     15
S1                         0.96   0.02   0.03   0.01   0.47   0.02   0.76   0.00   0.00   0.65   0.06   0.09   0.00   0.05   0.00     0.21     15
SSIM5_KAPPA                0.93   0.00   0.01   0.02   0.39   0.00   0.77   0.00   0.00   0.57   0.11   0.04   0.00   0.00   0.00     0.19     15
MSSSIM_S1                  0.91   0.00   0.00   0.00   0.33   0.00   0.80   0.00   0.00   0.56   0.10   0.05   0.00   0.05   0.00     0.19     15
SSIM5_S1                   0.91   0.00   0.00   0.00   0.35   0.00   0.81   0.00   0.00   0.54   0.13   0.01   0.00   0.00   0.00     0.18     15
MSSSIM_KAPPA               0.90   0.00   0.00   0.02   0.29   0.00   0.80   0.00   0.00   0.53   0.07   0.09   0.00   0.00   0.00     0.18     15
EUCLIDEAN                  0.86   0.06   0.00   0.00   0.26   0.00   0.84   0.00   0.00   0.66   0.00   0.01   0.00   0.00   0.00     0.18     15
SSIM5                      0.85   0.01   0.00   0.01   0.31   0.01   0.77   0.00   0.00   0.49   0.08   0.10   0.00   0.00   0.00     0.17     15
MSSSIM                     0.86   0.00   0.00   0.01   0.28   0.00   0.77   0.00   0.00   0.52   0.07   0.02   0.00   0.00   0.00     0.17     15

==== 横断ピボット表（学習: 基本ラベルごとの標準偏差） ====
[Pivot-Std] Method            1     2A     2B     2C     2D     3A     3B     3C     3D     4A     4B      5     6A     6B     6C  Overall  N_lab
-------------------------------------------------------------------------------------------------------------------------------------------------
MSSSIM_KAPPA               0.03   0.13   0.03   0.08   0.06   0.08   0.05   0.04   0.12   0.05   0.07   0.11   0.28   0.09   0.00     0.08     15
SSIM5                      0.02   0.09   0.04   0.10   0.05   0.10   0.05   0.04   0.13   0.05   0.05   0.09   0.18   0.10   0.00     0.07     15
S1                         0.04   0.09   0.09   0.07   0.03   0.10   0.04   0.03   0.03   0.03   0.06   0.10   0.24   0.14   0.00     0.07     15
MSSSIM_S1                  0.03   0.10   0.06   0.06   0.07   0.09   0.04   0.02   0.10   0.06   0.06   0.13   0.12   0.13   0.00     0.07     15
MSSSIM                     0.03   0.11   0.04   0.05   0.07   0.06   0.04   0.05   0.14   0.03   0.04   0.09   0.12   0.17   0.00     0.07     15
EUCLIDEAN                  0.02   0.08   0.07   0.05   0.06   0.09   0.03   0.05   0.04   0.04   0.05   0.11   0.24   0.08   0.00     0.07     15
S1K                        0.02   0.13   0.10   0.06   0.07   0.10   0.03   0.03   0.01   0.04   0.05   0.05   0.19   0.12   0.00     0.07     15
SSIM5_S1                   0.03   0.06   0.05   0.08   0.06   0.08   0.04   0.03   0.08   0.05   0.05   0.09   0.16   0.09   0.00     0.06     15
SSIM5_KAPPA                0.02   0.07   0.05   0.09   0.05   0.05   0.03   0.03   0.02   0.03   0.06   0.11   0.19   0.11   0.00     0.06     15
KAPPA                      0.02   0.12   0.08   0.05   0.05   0.06   0.03   0.05   0.00   0.05   0.08   0.08   0.00   0.00   0.00     0.04     15

==== 横断ピボット表（検証: 基本ラベルごとの標準偏差） ====
[Pivot-Std] Method            1     2A     2B     2C     2D     3A     3B     3C     3D     4A     4B      5     6A     6B     6C  Overall  N_lab
-------------------------------------------------------------------------------------------------------------------------------------------------
S1                         0.03   0.04   0.05   0.01   0.14   0.05   0.05   0.00   0.00   0.07   0.09   0.13   0.00   0.16   0.00     0.05     15
MSSSIM_S1                  0.02   0.00   0.00   0.00   0.09   0.00   0.09   0.00   0.00   0.06   0.06   0.05   0.00   0.16   0.00     0.04     15
S1K                        0.04   0.12   0.04   0.00   0.09   0.02   0.02   0.00   0.00   0.06   0.04   0.04   0.00   0.00   0.00     0.03     15
KAPPA                      0.01   0.12   0.00   0.00   0.07   0.00   0.02   0.00   0.00   0.05   0.04   0.15   0.00   0.00   0.00     0.03     15
SSIM5                      0.06   0.03   0.00   0.02   0.06   0.02   0.06   0.00   0.00   0.10   0.06   0.06   0.00   0.00   0.00     0.03     15
MSSSIM_KAPPA               0.04   0.00   0.00   0.05   0.10   0.00   0.04   0.00   0.00   0.04   0.05   0.08   0.00   0.00   0.00     0.03     15
SSIM5_KAPPA                0.02   0.00   0.03   0.04   0.06   0.00   0.06   0.00   0.00   0.06   0.03   0.05   0.00   0.00   0.00     0.02     15
SSIM5_S1                   0.04   0.00   0.00   0.00   0.07   0.00   0.06   0.00   0.00   0.06   0.09   0.02   0.00   0.00   0.00     0.02     15
EUCLIDEAN                  0.04   0.10   0.00   0.00   0.06   0.00   0.04   0.00   0.00   0.08   0.00   0.02   0.00   0.00   0.00     0.02     15
MSSSIM                     0.05   0.00   0.00   0.03   0.05   0.00   0.05   0.00   0.00   0.03   0.05   0.03   0.00   0.00   0.00     0.02     15

==== ERA5 NetCDF ラベル分布レポート（自動） ====
==== NetCDF ラベル分布レポート ====
ファイル: /app/src/PressurePattern/SOM/prmsl_era5_all_data_seasonal_large.nc
期間: 1991-01-01 〜 2000-12-31
対象データ数: 3653
 Label    Count    Percent
--------------------------
     1      375     10.266
    2A       61      1.670
    2B       81      2.217
    2C       80      2.190
    2D      170      4.654
    3A       53      1.451
    3B      321      8.787
    3C      101      2.765
    3D       63      1.725
    4A      203      5.557
    4B      126      3.449
     5       69      1.889
    6A        7      0.192
    6B       15      0.411
    6C        2      0.055
--------------------------
 TOTAL     1727     47.276
 OTHER     1926     52.724

【複合ラベル（Base±Base）統計】
- 出現総数: 1926 / 3653 (52.724%)
- 異なる複合ラベルの種類数: 161  (+' 種類: 109, -' 種類: 52)
- 出現上位（最大 30 件）:
     3B+4B :    111 (3.039%)
     2A+4B :    111 (3.039%)
      4A+5 :    105 (2.874%)
     3A+4B :    101 (2.765%)
      1+4B :     83 (2.272%)
     2A+2C :     73 (1.998%)
      1+2A :     69 (1.889%)
     2A+4A :     54 (1.478%)
     3A+4A :     49 (1.341%)
     2A+3C :     49 (1.341%)
     4A+6A :     48 (1.314%)
     3C+4B :     46 (1.259%)
     2A+3D :     45 (1.232%)
      2A-1 :     43 (1.177%)
      5+6A :     35 (0.958%)
      1+2C :     34 (0.931%)
     2B+4B :     34 (0.931%)
     2A+3B :     33 (0.903%)
      2A+5 :     31 (0.849%)
     2A+2B :     29 (0.794%)
      1-3B :     28 (0.766%)
      1+2B :     27 (0.739%)
     2C+3A :     23 (0.630%)
     3A+6A :     22 (0.602%)
     2B+4A :     21 (0.575%)
     3B+4A :     20 (0.547%)
     3A+2C :     19 (0.520%)
      1+3C :     19 (0.520%)
     4A+6B :     19 (0.520%)
     3B+3D :     18 (0.493%)

注記:
 - Macro Recall は [Summary] の値から算出（Mean/Std/Min/Median/Max）。
 - MinSeed / MaxSeed に最小/最大値が出た seed を表示（同値が複数ある場合は最初のもの）。
 - 6A/6B/6C の Correct/Recall は「各ラベルの再現率（代表ノード群ベース）」の値を使用。
 - 本スクリプトは単一の results ディレクトリのみ評価し、複数 iter の横断集計は削除済み。
 - 実行完了時に ERA5 NetCDF（1991-01-01〜2000-12-31）のラベル分布レポートを末尾に自動追記します。
 - すべての出力は /Users/takumi0616/Develop/docker_miniconda/src/PressurePattern/search_results_v8.log にも Tee 保存されます。
